2.31
3.30
2.80
2.70
3.10
2.50
3.80
3.15
1.95
2.22
3.30
3.00
1.39
4.80
6.20
3.70
3.25
1.95
3.55
3.45
1.93
1.82
3.45
4.00
1.69
3.65
4.50
3.90
3.35
1.87
3.05
3.10
2.27
1.18
5.80
14.00
1.82
3.35
4.10
2.80
3.15
2.40
1.78
2.95
5.40
1.92
2.85
4.50
5.80
4.30
1.47
12.00
6.40
1.17
2.65
2.75
2.85
1.41
3.60
9.80
2.75
2.36
3.30
1.32
4.30
9.60
6.00
3.70
1.58
2.01
3.30
3.45
18.00
7.80
1.10
2.11
3.05
3.45
4.60
3.00
1.92
7.60
4.40
1.41
2.13
2.85
3.75
2.15
3.30
3.30
1.30
4.60
9.60
1.99
3.15
3.70
1.37
4.30
7.60
2.95
3.00
2.41
2.70
2.80
2.90
2.36
3.00
3.20
1.92
3.60
3.40
1.29
5.00
8.80
2.60
2.90
2.80
2.12
3.10
3.40
1.23
5.40
11.00
2.03
3.15
3.85
1.53
3.80
5.60
2.23
3.60
2.75
2.38
3.35
2.70
2.21
3.55
2.80
2.60
3.40
2.55
1.14
7.20
13.00
1.95
3.30
3.65
2.85
3.50
2.21
1.15
6.60
14.00
1.78
3.85
3.75
2.95
3.20
2.40
3.15
3.50
2.05
1.64
3.20
6.00
3.85
3.60
1.89
3.20
3.35
2.19
2.17
3.45
3.10
2.95
3.00
2.50
3.00
3.65
2.16
4.00
3.95
1.77
3.65
4.00
1.83
2.37
3.10
3.10
2.80
3.15
2.55
3.30
3.10
2.23
4.90
3.50
1.72
1.85
3.95
4.20
2.60
3.05
3.05
2.80
3.80
2.14
1.86
4.10
3.90
3.25
3.65
2.04
1.80
3.30
5.80
2.10
3.10
3.70
2.70
3.20
2.60
11.00
5.60
1.22
2.04
3.00
4.10
2.85
3.15
2.50
2.05
2.65
4.80
1.95
3.05
4.30
1.37
4.40
7.80
2.85
3.35
2.28
1.79
3.50
4.00
1.94
3.55
3.40
2.01
3.35
3.40
1.57
4.10
4.80
2.80
3.15
2.41
1.88
3.25
4.00
3.05
3.50
2.19
6.80
5.00
1.46
1.74
3.80
4.30
